cluster_max_size: 1000
cluster_min_size: 25
cluster_tol: 0.02
plane_dist_thresh: 0.04
plane_max_iter: 100
ror_min_neighbors: 8
ror_radius_search: 0.011000000000000001
voxel_leaf_size: 0.003
x_filter_max: 0.31999999999999995
x_filter_min: -0.10999999999999999
y_filter_max: 0.30000000000000004
y_filter_min: -0.2
z_filter_max: 0.8999999999999999
z_filter_min: 0.2
