- child_frame_id: vx300s/base_link
  frame_id: camera_color_optical_frame
  qw: 0.20477677861097762
  qx: 0.6852956755556847
  qy: -0.6773232565433209
  qz: 0.17224840827113339
  x: -0.1870452635956744
  y: 0.06486720573541047
  z: 0.6365760510458882
